Anzahl Profilkoordinaten
       205
Airfoil
  1.0000000000000000E+00  0.0000000000000000E+00
  9.9330464218724230E-01  1.5334956294358727E-03
  9.8657685150715170E-01  3.4103082189994457E-03
  9.7975343668580640E-01  5.2174985853612730E-03
  9.7282942809150250E-01  7.0738762695294340E-03
  9.6580662856275920E-01  8.9233769182977750E-03
  9.5867497800977630E-01  1.0761145918960362E-02
  9.5143200614649040E-01  1.2571348255997266E-02
  9.4407461049234140E-01  1.4349088491247657E-02
  9.3660134166697280E-01  1.6091428490145294E-02
  9.2901246203549180E-01  1.7804125763006072E-02
  9.2130865483784670E-01  1.9495363614197316E-02
  9.1349008008145420E-01  2.1171707481968043E-02
  9.0555680587971240E-01  2.2839940842572520E-02
  8.9750837711131780E-01  2.4504778464857716E-02
  8.8934355031929000E-01  2.6167456720354800E-02
  8.8106093874266090E-01  2.7828647969858535E-02
  8.7265910448837130E-01  2.9488917492012170E-02
  8.6413637296289170E-01  3.1147754040468757E-02
  8.5549089968146330E-01  3.2803855747325530E-02
  8.4672085454217520E-01  3.4456061331120884E-02
  8.3782453597203380E-01  3.6103968567604325E-02
  8.2880021796418000E-01  3.7747158080843020E-02
  8.1964613992891540E-01  3.9385127173552670E-02
  8.1036060567258020E-01  4.1017865683650120E-02
  8.0094194741166250E-01  4.2645663253867600E-02
  7.9138818339833040E-01  4.4267133676434780E-02
  7.8169722066595280E-01  4.5880304320106854E-02
  7.7186690373975160E-01  4.7482858023122140E-02
  7.6189505426464990E-01  4.9072365189493120E-02
  7.5177962371730120E-01  5.0647232957537090E-02
  7.4151865409051600E-01  5.2206554994396220E-02
  7.3111014539295970E-01  5.3749252858569574E-02
  7.2055196417886590E-01  5.5273460775257560E-02
  7.0984207636577960E-01  5.6778102396247810E-02
  6.9897835501056170E-01  5.8261514958172460E-02
  6.8795857720822150E-01  5.9721450892852210E-02
  6.7678066218880330E-01  6.1156813791028500E-02
  6.6544234586360650E-01  6.2565128542083180E-02
  6.5394128815823190E-01  6.3943408924230200E-02
  6.4227529625625510E-01  6.5289893188564940E-02
  6.3044203303973980E-01  6.6601470522459320E-02
  6.1843939967335990E-01  6.7877536340716670E-02
  6.0626564200530570E-01  6.9121034510709240E-02
  5.9391771173991010E-01  7.0322056835566240E-02
  5.8139270332619160E-01  7.1471916377781900E-02
  5.6868868654653860E-01  7.2571378252682020E-02
  5.5580346311648090E-01  7.3618876287570290E-02
  5.4273469168609430E-01  7.4611302803643890E-02
  5.2948004125986680E-01  7.5545487076887270E-02
  5.1603736104843350E-01  7.6421233948449800E-02
  5.0240437618759780E-01  7.7236620203595470E-02
  4.8857850620875590E-01  7.7984860931141710E-02
  4.7493684641788840E-01  7.8639290795764910E-02
  4.6147728307516145E-01  7.9198571174050760E-02
  4.4819791342945530E-01  7.9664486739552450E-02
  4.3509685113130137E-01  8.0038593112342270E-02
  4.2217222142184700E-01  8.0322151192515280E-02
  4.0942217215774895E-01  8.0515472309933100E-02
  3.9684489173359005E-01  8.0615825381375030E-02
  3.8443866410673560E-01  8.0623039395392600E-02
  3.7220184311450820E-01  8.0539456036378010E-02
  3.6013278632288620E-01  8.0366676129680080E-02
  3.4822990708026097E-01  8.0105310934622700E-02
  3.3649163086418870E-01  7.9756665181701880E-02
  3.2491635705810410E-01  7.9323745332906870E-02
  3.1350248108481704E-01  7.8809440589729290E-02
  3.0224835670759875E-01  7.8216876028508920E-02
  2.9115249768778490E-01  7.7546644561963720E-02
  2.8021380210818114E-01  7.6794122490090630E-02
  2.6943098607296810E-01  7.5959290852873420E-02
  2.5880259444212240E-01  7.5044905182836710E-02
  2.4832712795896167E-01  7.4053973198798220E-02
  2.3800319569993220E-01  7.2988241415798140E-02
  2.2782961878633476E-01  7.1847675116126470E-02
  2.1780536145826568E-01  7.0631565860394030E-02
  2.0792926316690080E-01  6.9340679561373020E-02
  1.9819984567113513E-01  6.7978382458214510E-02
  1.8861580776311912E-01  6.6546520093282640E-02
  1.7917642092067007E-01  6.5043478125133110E-02
  1.6988092376567152E-01  6.3468330305458700E-02
  1.6072803844175540E-01  6.1823605082527860E-02
  1.5171640578702114E-01  6.0112102704598200E-02
  1.4284537829982355E-01  5.8332993049946436E-02
  1.3411417217158590E-01  5.6486403557302030E-02
  1.2552207894976014E-01  5.4572475037833220E-02
  1.1706882581396881E-01  5.2589662360780310E-02
  1.0875445715728121E-01  5.0535650170748420E-02
  1.0057953336271452E-01  4.8406750305718750E-02
  9.2544691207063140E-02  4.6199790740633705E-02
  8.4650820547671060E-02  4.3911554713384980E-02
  7.6899481897370430E-02  4.1537247593381184E-02
  6.9295103512894310E-02  3.9064594221103026E-02
  6.1842619957222440E-02  3.6481941745009810E-02
  5.4538254711080744E-02  3.3804238315557280E-02
  4.7383209188594590E-02  3.1029853314444170E-02
  4.0389290880433410E-02  2.8139236435181476E-02
  3.3567099673647650E-02  2.5094887303782280E-02
  2.6938477587962244E-02  2.1915834262489940E-02
  2.0515295391683293E-02  1.8470120647155787E-02
  1.4371318611797303E-02  1.4788587097424408E-02
  8.6279336250588460E-03  1.1131564673894312E-02
  2.9028625177804444E-03  4.4673324015236360E-03
  8.6736173798840350E-19  2.1684043449710089E-19
  3.0091464634608473E-03 -4.5251390900199140E-03
  9.0177255764841340E-03 -1.0836060636859756E-02
  1.5310583755316111E-02 -1.3609727436006499E-02
  2.2108606139476083E-02 -1.6077816654434290E-02
  2.9164140947442598E-02 -1.7980983040681680E-02
  3.6404599727284480E-02 -1.9543645001440256E-02
  4.3803825500344166E-02 -2.0858470343662363E-02
  5.1343634915823395E-02 -2.1957359698107987E-02
  5.9015379771250770E-02 -2.2883932309512220E-02
  6.6813073451401700E-02 -2.3660480801552055E-02
  7.4733407407396940E-02 -2.4308371859534120E-02
  8.2773664420656870E-02 -2.4855863689864054E-02
  9.0932825203825720E-02 -2.5322211884067270E-02
  9.9213057903694240E-02 -2.5675117176628780E-02
  1.0761456512109133E-01 -2.5903624834080572E-02
  1.1613690970628882E-01 -2.6018875194159467E-02
  1.2478019948516324E-01 -2.6040548571211262E-02
  1.3354520373130450E-01 -2.5984680120244310E-02
  1.4243316988180060E-01 -2.5863883196504270E-02
  1.5144570468460900E-01 -2.5694523220485935E-02
  1.6058454286699694E-01 -2.5485065828537420E-02
  1.6985135957336860E-01 -2.5236803245836145E-02
  1.7924784022281345E-01 -2.4949689765146978E-02
  1.8877571577477180E-01 -2.4624275619701663E-02
  1.9843671844786540E-01 -2.4260038651104564E-02
  2.0823266957576517E-01 -2.3858020132918130E-02
  2.1816551147067742E-01 -2.3421008047810930E-02
  2.2823724892668143E-01 -2.2951968012477474E-02
  2.3844987260594280E-01 -2.2452435912307950E-02
  2.4880533811291583E-01 -2.1922460456068080E-02
  2.5930566663138600E-01 -2.1362734358634210E-02
  2.6995303784620983E-01 -2.0776157188063187E-02
  2.8074979125891750E-01 -2.0167659823407708E-02
  2.9169820865855867E-01 -1.9540263870058448E-02
  3.0280043707761350E-01 -1.8894026284072926E-02
  3.1405862721641054E-01 -1.8228509073492700E-02
  3.2547515070685780E-01 -1.7546482778394722E-02
  3.3705257096070224E-01 -1.6853280764139035E-02
  3.4879347314694290E-01 -1.6154044856809588E-02
  3.6070035017485425E-01 -1.5451878541077041E-02
  3.7277558284657950E-01 -1.4747498421545631E-02
  3.8502169926022530E-01 -1.4043628488762956E-02
  3.9744141836801616E-01 -1.3345902619409915E-02
  4.1003754206944170E-01 -1.2661314761115585E-02
  4.2281259171044905E-01 -1.1991412157709814E-02
  4.3576892325036837E-01 -1.1334094749759289E-02
  4.4890897810214670E-01 -1.0687901969091484E-02
  4.6223539875773110E-01 -1.0054792756043856E-02
  4.7575089011605026E-01 -9.4373767947391700E-03
  4.8945805595225716E-01 -8.8355254958299730E-03
  5.0335947757137070E-01 -8.2475386006742970E-03
  5.1706845969157340E-01 -7.6885823648915360E-03
  5.3058772395875850E-01 -7.1602011430433165E-03
  5.4391989570608900E-01 -6.6626904671250050E-03
  5.5706747049713300E-01 -6.1938007636495590E-03
  5.7003283226694670E-01 -5.7488476335928490E-03
  5.8281843867103100E-01 -5.3259025435167620E-03
  5.9542678297778410E-01 -4.9250826404353200E-03
  6.0786033333275150E-01 -4.5468860600876890E-03
  6.2012142473345420E-01 -4.1884965306104430E-03
  6.3221236407813270E-01 -3.8470568954122467E-03
  6.4413546584070840E-01 -3.5208561433564232E-03
  6.5589303751646600E-01 -3.2090313287524610E-03
  6.6748737874396970E-01 -2.9116404618754533E-03
  6.7892075598761960E-01 -2.6286894244880936E-03
  6.9019538338021560E-01 -2.3593672703224680E-03
  7.0131345217077230E-01 -2.1031436434118950E-03
  7.1227712999244150E-01 -1.8597702825959173E-03
  7.2308855508827950E-01 -1.6290347679703654E-03
  7.3374982817444860E-01 -1.4103556656854964E-03
  7.4426300665183500E-01 -1.2023871279463775E-03
  7.5463011743292500E-01 -1.0035828105574900E-03
  7.6485317025716560E-01 -8.1287077346877020E-04
  7.7493416547953780E-01 -6.3013293934117640E-04
  7.8487507926144320E-01 -4.5546989844615164E-04
  7.9467785550129930E-01 -2.8870784293476220E-04
  8.0434441607778140E-01 -1.2999544052020489E-04
  8.1387667530313160E-01  1.9289962123753376E-05
  8.2327651869991240E-01  1.5768675249135155E-04
  8.3254579409006980E-01  2.8425785130320920E-04
  8.4168631141723380E-01  3.9877883008006113E-04
  8.5069985102174110E-01  5.0126798086242250E-04
  8.5958817495222630E-01  5.9106672912202760E-04
  8.6835302232301350E-01  6.6691947361408520E-04
  8.7699609799215320E-01  7.2814453219735890E-04
  8.8551907600092950E-01  7.7451993651027840E-04
  8.9392360570500870E-01  8.0560302235429020E-04
  9.0221131038201950E-01  8.2053067037200530E-04
  9.1038378428955360E-01  8.1949503039043650E-04
  9.1844260724448380E-01  8.0713243165706840E-04
  9.2638935912072560E-01  7.8953898599122270E-04
  9.3422560822621860E-01  7.7249132342216540E-04
  9.4195290124285190E-01  7.5971877253770360E-04
  9.4957274634685340E-01  7.5520811984132910E-04
  9.5708664645959300E-01  7.6466568117952460E-04
  9.6449600608123350E-01  7.8086717909286840E-04
  9.7180245850805750E-01  7.8680183533615400E-04
  9.7900703153238920E-01  7.5486630686037300E-04
  9.8611150459379260E-01  6.8640090012189230E-04
  9.9311630201913000E-01  5.8338805804323220E-04
  1.0000000000000000E+00  0.0000000000000000E+00
